35,7
35,6
35,0
46,35
10,293
10,119
10,65
10,213
10,79
10,273
10,247
10,35
10,2
10,3
11,19
11,27
11,23
36,11
36,10
36,9
36,8
36,7
36,6
36,5
11,7
36,4
36,3
36,2
36,1
11,25
36,0
35,5
35,4
35,3
11,2
35,2
11,3
35,1
34,38
34,37
34,36
34,35
34,34
34,33
34,32
34,31
34,30
34,29
34,28
34,27
34,26
34,25
34,24
34,23
34,22
34,21
34,20
34,19
34,18
34,17
34,16
34,15
34,14
34,13
34,12
34,11
34,10
34,9
34,8
34,7
34,6
34,5
34,4
9,5
34,3
34,2
34,1
9,1
34,0
32,7
32,5
32,4
32,3
32,1
31,4
31,3
31,1
30,4
30,3
30,2
9,7
30,1
29,5
29,4
29,3
8,4
8,5
8,14
29,1
28,5
28,4
28,3
28,1
27,4
27,3
27,1
26,5
26,4
26,3
26,1
25,4
25,3
25,1
20,3
19,3
20,2
20,1
19,2
19,1
14,4
12,3
12,2
12,1
11,29
